8 0.68 0.8444444444444444 0.682 0.8490740740740741 0.674 0.862037037037037 0.678 0.8675925925925926 0.692 0.8694444444444445 0.695 0.8740740740740741 0.701 0.8694444444444445 0.725 0.8731481481481481 0.727 0.8666666666666667 0.741 0.8574074074074074 0.74 0.8351851851851851 0.729 0.8462962962962963 0.724 0.8444444444444444 0.695 0.8518518518518519
8 0.583 0.48333333333333334 0.583 0.512962962962963 0.588 0.5194444444444445 0.598 0.5203703703703704 0.594 0.5333333333333333 0.6 0.5351851851851852 0.608 0.5222222222222223 0.627 0.5138888888888888 0.629 0.5018518518518519 0.617 0.49166666666666664 0.62 0.48333333333333334 0.594 0.49074074074074076
8 0.108 0.6333333333333333 0.106 0.6583333333333333 0.111 0.6648148148148149 0.12 0.6666666666666666 0.118 0.6787037037037037 0.127 0.6787037037037037 0.159 0.6611111111111111 0.16 0.6537037037037037 0.154 0.649074074074074 0.148 0.6537037037037037 0.138 0.649074074074074 0.141 0.6361111111111111 0.137 0.6314814814814815 0.133 0.6361111111111111 0.125 0.6361111111111111 0.12 0.6305555555555555 0.114 0.6361111111111111
8 0.363 0.9444444444444444 0.352 0.9601851851851851 0.328 0.9592592592592593 0.334 0.9722222222222222 0.343 0.9648148148148148 0.349 0.9666666666666667 0.354 0.9879629629629629 0.361 0.9898148148148148 0.362 0.9990740740740741 0.38 0.9944444444444445 0.378 0.9907407407407407 0.392 0.9805555555555555 0.397 0.9842592592592593 0.394 0.9787037037037037 0.397 0.9731481481481481 0.387 0.9731481481481481 0.378 0.9685185185185186 0.376 0.962037037037037 0.377 0.9546296296296296 0.386 0.9453703703703704
8 0.108 0.7157407407407408 0.105 0.8037037037037037 0.113 0.8111111111111111 0.124 0.8037037037037037 0.125 0.7509259259259259 0.133 0.7472222222222222 0.143 0.7518518518518519 0.146 0.737037037037037 0.141 0.7333333333333333 0.123 0.7324074074074074 0.126 0.7212962962962963 0.124 0.7083333333333334 0.127 0.7064814814814815 0.124 0.700925925925926
8 0.418 0.7620370370370371 0.415 0.7657407407407407 0.418 0.7787037037037037 0.416 0.825 0.418 0.8342592592592593 0.425 0.8351851851851851 0.426 0.8518518518518519 0.417 0.8601851851851852 0.427 0.8629629629629629 0.428 0.8796296296296297 0.436 0.8833333333333333 0.434 0.7638888888888888 0.441 0.7546296296296297 0.453 0.7518518518518519 0.454 0.737037037037037 0.445 0.7342592592592593
8 0.481 0.6351851851851852 0.465 0.65 0.472 0.6601851851851852 0.473 0.6833333333333333 0.531 0.6620370370370371 0.539 0.6648148148148149 0.543 0.6731481481481482 0.554 0.6787037037037037 0.55 0.6675925925925926 0.532 0.6583333333333333 0.536 0.65 0.534 0.6398148148148148 0.523 0.6342592592592593 0.522 0.6259259259259259 0.515 0.6222222222222222 0.512 0.6296296296296297
8 0.755 0.674074074074074 0.754 0.6888888888888889 0.765 0.6944444444444444 0.79 0.7555555555555555 0.793 0.7777777777777778 0.792 0.787962962962963 0.786 0.7962962962962963 0.793 0.799074074074074 0.797 0.7925925925925926 0.797 0.7462962962962963 0.805 0.7305555555555555 0.811 0.7305555555555555 0.809 0.725 0.814 0.7166666666666667 0.81 0.7129629629629629 0.814 0.6972222222222222 0.822 0.6962962962962963 0.828 0.674074074074074 0.833 0.6666666666666666 0.843 0.6638888888888889 0.846 0.6546296296296297 0.824 0.6453703703703704 0.812 0.6472222222222223 0.799 0.6537037037037037 0.8 0.6601851851851852 0.792 0.6638888888888889 0.792 0.6712962962962963 0.766 0.6777777777777778 0.762 0.6703703703703704
8 0.32 0.37222222222222223 0.317 0.38333333333333336 0.324 0.3972222222222222 0.32 0.4009259259259259 0.32 0.4083333333333333 0.302 0.41388888888888886 0.307 0.41574074074074074 0.309 0.43148148148148147 0.303 0.43333333333333335 0.303 0.4425925925925926 0.324 0.4666666666666667 0.339 0.46111111111111114 0.346 0.462037037037037 0.348 0.49074074074074076 0.36 0.4888888888888889 0.366 0.4935185185185185 0.367 0.4787037037037037 0.377 0.4685185185185185 0.369 0.4685185185185185 0.363 0.45555555555555555 0.355 0.45555555555555555 0.356 0.44074074074074077 0.366 0.43703703703703706 0.361 0.4222222222222222 0.368 0.41574074074074074 0.383 0.4111111111111111 0.382 0.40370370370370373 0.377 0.3990740740740741 0.373 0.4046296296296296 0.354 0.3990740740740741 0.349 0.3851851851851852 0.337 0.38333333333333336 0.336 0.37777777777777777
8 0.532 0.5435185185185185 0.527 0.5527777777777778 0.529 0.5601851851851852 0.525 0.5703703703703704 0.516 0.5712962962962963 0.529 0.5990740740740741 0.526 0.6157407407407407 0.529 0.6175925925925926 0.541 0.6129629629629629 0.569 0.6259259259259259 0.568 0.6444444444444445 0.583 0.65 0.58 0.6574074074074074 0.586 0.6592592592592592 0.594 0.6444444444444445 0.607 0.6453703703703704 0.611 0.6407407407407407 0.608 0.6333333333333333 0.614 0.6296296296296297 0.613 0.6101851851851852 0.606 0.6046296296296296 0.6 0.5657407407407408 0.595 0.5666666666666667 0.591 0.5555555555555556 0.572 0.5564814814814815 0.545 0.537962962962963
8 0.895 0.2324074074074074 0.887 0.30925925925925923 0.887 0.362962962962963 0.897 0.3638888888888889 0.9 0.37592592592592594 0.896 0.38333333333333336 0.899 0.4212962962962963 0.895 0.4287037037037037 0.901 0.4361111111111111 0.905 0.4287037037037037 0.902 0.41759259259259257 0.906 0.41574074074074074 0.902 0.4064814814814815 0.905 0.4009259259259259 0.903 0.3907407407407407 0.907 0.38425925925925924 0.911 0.38425925925925924 0.919 0.375 0.942 0.39166666666666666 0.944 0.3888888888888889 0.941 0.3861111111111111 0.941 0.3814814814814815 0.945 0.38055555555555554 0.944 0.33743425925925924 0.941 0.3351851851851852 0.944 0.3325398148148148 0.947 0.275 0.942 0.2564814814814815 0.909 0.25833333333333336 0.905 0.23333333333333334 0.9 0.22870370370370371
8 0.906 0.687037037037037 0.907 0.7777777777777778 0.899 0.8083333333333333 0.909 0.837037037037037 0.908 0.8629629629629629 0.911 0.8740740740740741 0.922 0.8824074074074074 0.942 0.8805555555555555 0.945 0.8768518518518519 0.957 0.8759259259259259 0.963 0.8629629629629629 0.967 0.7092592592592593 0.964 0.7111111111111111 0.956 0.7027777777777777 0.946 0.7 0.918 0.7018518518518518 0.915 0.6851851851851852 0.911 0.6888888888888889
8 0.89 0.47685185185185186 0.89 0.48703703703703705 0.892 0.4842592592592593 0.906 0.48703703703703705 0.918 0.49722222222222223 0.917 0.5046296296296297 0.93 0.512962962962963 0.932 0.5370370370370371 0.929 0.5407407407407407 0.936 0.55 0.936 0.5648148148148148 0.928 0.5685185185185185 0.931 0.6157407407407407 0.946 0.6111111111111112 0.949 0.6064814814814815 0.967 0.6083333333333333 0.975 0.6027777777777777 0.987 0.6111111111111112 0.987 0.6166666666666667 0.995 0.6129629629629629 0.999 0.6083333333333333 0.999 0.4212962962962963 0.988 0.4 0.986 0.42191388888888887 0.979 0.4287037037037037 0.972 0.42777777777777776 0.966 0.4425925925925926 0.942 0.4462962962962963 0.935 0.4527777777777778 0.931 0.4648148148148148 0.921 0.4722222222222222 0.911 0.46944444444444444 0.901 0.475 0.899 0.48055555555555557
8 0.067 0.062037037037037036 0.063 0.09537037037037037 0.07 0.11574074074074074 0.081 0.13055555555555556 0.102 0.14629629629629629 0.127 0.15462962962962962 0.13 0.17407407407407408 0.114 0.18796296296296297 0.119 0.19444444444444445 0.147 0.20092592592592592 0.15 0.18888888888888888 0.138 0.17222222222222222 0.142 0.1537037037037037 0.174 0.14166666666666666 0.186 0.13333333333333333 0.2 0.11388888888888889 0.206 0.08611111111111111 0.203 0.06759259259259259 0.193 0.05 0.179 0.03518518518518519 0.16 0.025 0.121 0.022222222222222223 0.117 0.026851851851851852 0.111 0.025 0.085 0.03888888888888889
8 0.322 0.6407407407407407 0.3115 0.7083333333333334 0.306 0.7083333333333334 0.303 0.7129629629629629 0.306 0.7314814814814815 0.318 0.7388888888888889 0.322 0.7527777777777778 0.321 0.8527777777777777 0.318 0.8629629629629629 0.321 0.8981481481481481 0.338 0.9027777777777778 0.38 0.9 0.388 0.9027777777777778 0.39 0.9 0.381 0.8861111111111111 0.387 0.8759259259259259 0.38 0.8685185185185185 0.381 0.8398148148148148 0.385 0.8351851851851851 0.38 0.8268518518518518 0.387 0.825 0.388 0.7824074074074074 0.374 0.7805555555555556 0.362 0.774074074074074 0.364 0.7268518518518519 0.36 0.7222222222222222 0.369 0.7138888888888889 0.377 0.7138888888888889 0.376 0.700925925925926 0.39 0.6944444444444444 0.391 0.6805555555555556 0.404 0.6805555555555556 0.404 0.6777777777777778 0.383 0.6601851851851852 0.362 0.6620370370370371 0.364 0.6527777777777778 0.348 0.6351851851851852 0.352 0.6268518518518519 0.348 0.6222222222222222 0.341 0.625 0.332 0.6212962962962963 0.333 0.6351851851851852 0.328 0.6407407407407407
8 0.538 0.8074074074074075 0.541 0.8175925925925925 0.537 0.8203703703703704 0.54 0.825925925925926 0.535 0.8277777777777777 0.535 0.8333333333333334 0.541 0.8712962962962963 0.538 0.9009259259259259 0.542 0.9074074074074074 0.56 0.887962962962963 0.558 0.8759259259259259 0.562 0.8703703703703703 0.601 0.8675925925925926 0.602 0.8731481481481481 0.607 0.8722222222222222 0.611 0.8787037037037037 0.616 0.8777777777777778 0.63 0.8916666666666667 0.638 0.8870370370370371 0.639 0.8768518518518519 0.657 0.8657407407407407 0.689 0.8277777777777777 0.71 0.825925925925926 0.708 0.812037037037037 0.713 0.8064814814814815 0.72 0.8037037037037037 0.727 0.8148148148148148 0.731 0.7925925925925926 0.728 0.7648148148148148 0.723 0.7620370370370371 0.724 0.774074074074074 0.709 0.7759259259259259 0.71 0.787962962962963 0.698 0.7953703703703704 0.692 0.7944444444444444 0.688 0.8037037037037037 0.681 0.8018518518518518 0.671 0.8074074074074075 0.667 0.7824074074074074 0.656 0.7712962962962963 0.663 0.7638888888888888 0.645 0.7666666666666667 0.64 0.7601851851851852 0.63 0.7657407407407407 0.62 0.7555555555555555 0.621 0.75 0.609 0.7416666666666667 0.61 0.737037037037037 0.616 0.7342592592592593 0.605 0.7314814814814815 0.605 0.7231481481481481 0.596 0.7185185185185186 0.593 0.7101851851851851 0.571 0.7055555555555556 0.554 0.7212962962962963 0.551 0.7333333333333333 0.555 0.7444444444444445 0.55 0.7462962962962963 0.553 0.7796296296296297
8 0.288 0.018518518518518517 0.288 0.028703703703703703 0.3 0.040740740740740744 0.289 0.05 0.283 0.049074074074074076 0.279 0.05277777777777778 0.252 0.12962962962962962 0.24 0.13240740740740742 0.236 0.14351851851851852 0.245 0.1527777777777778 0.251 0.1527777777777778 0.254 0.15925925925925927 0.251 0.1648148148148148 0.272 0.1685185185185185 0.291 0.18333333333333332 0.293 0.2222222222222222 0.289 0.25555555555555554 0.293 0.287962962962963 0.29 0.3351851851851852 0.296 0.3435185185185185 0.319 0.3490740740740741 0.329 0.34629629629629627 0.336 0.33611111111111114 0.339 0.3074074074074074 0.339 0.29259259259259257 0.336 0.29074074074074074 0.339 0.26481481481481484 0.336 0.2601851851851852 0.346 0.25462962962962965 0.336 0.2490740740740741 0.337 0.1935185185185185 0.352 0.17407407407407408 0.374 0.16203703703703703 0.392 0.1425925925925926 0.404 0.14351851851851852 0.402 0.12037037037037036 0.407 0.10740740740740741 0.408 0.08425925925925926 0.402 0.075 0.404 0.06666666666666667 0.376 0.03148148148148148 0.359 0.022222222222222223 0.325 0.012037037037037037