8 0.5485074626865671 0.6879875195007801 0.5522388059701493 0.7082683307332294 0.5895522388059702 0.7051482059282371 0.595771144278607 0.7098283931357254 0.5970149253731343 0.7207488299531981 0.6194029850746269 0.7316692667706708 0.6442786069651741 0.6677067082683308 0.6417910447761194 0.6583463338533542 0.6455223880597015 0.6505460218408736 0.6318407960199005 0.6380655226209049 0.6106965174129353 0.6380655226209049 0.6032338308457711 0.6505460218408736 0.595771144278607 0.6505460218408736 0.6007462686567164 0.6536661466458659 0.5982587064676617 0.6770670826833073 0.5708955223880597 0.6770670826833073
8 0.17412935323383086 0.4539781591263651 0.16666666666666666 0.46177847113884557 0.17288557213930347 0.4836193447737909 0.1890547263681592 0.4836193447737909 0.20522388059701493 0.4539781591263651 0.21641791044776118 0.46333853354134164 0.22139303482587064 0.46021840873634945 0.24875621890547264 0.4836193447737909 0.27238805970149255 0.4836193447737909 0.27487562189054726 0.48829953198127923 0.2873134328358209 0.4789391575663027 0.2860696517412935 0.46801872074882994 0.2736318407960199 0.45553822152886114 0.2798507462686567 0.43837753510140404 0.27860696517412936 0.41029641185647425 0.25497512437810943 0.41965678627145087 0.23756218905472637 0.41965678627145087 0.22512437810945274 0.44773790951638065 0.2027363184079602 0.4414976599063963
8 0.9589552238805971 0.187207488299532 0.9577114427860697 0.2121684867394696 0.9626865671641791 0.21684867394695787 0.9689054726368159 0.24804992199687986 0.9440298507462687 0.2620904836193448 0.9626865671641791 0.28549141965678626 0.9664179104477612 0.30109204368174725 0.9626865671641791 0.32761310452418096 0.9776119402985075 0.3416536661466459 0.9825870646766169 0.36973478939157567 0.986318407960199 0.36973478939157567 0.986318407960199 0.33073322932917315 0.9689054726368159 0.31201248049922 0.986318407960199 0.28861154446177845 0.9937810945273632 0.1606864274570983 0.9875621890547264 0.1482059282371295 0.9689054726368159 0.1622464898595944 0.9738805970149254 0.17160686427457097 0.9664179104477612 0.19032761310452417
8 0.23880597014925373 0.984399375975039 0.236318407960199 0.9937597503900156 0.3208955223880597 0.9921996879875195 0.3407960199004975 0.9500780031201248 0.34950248756218905 0.9485179407176287 0.3420398009950249 0.9048361934477379 0.3345771144278607 0.9017160686427457 0.2972636815920398 0.9282371294851794 0.2873134328358209 0.9313572542901716 0.27860696517412936 0.9251170046801872 0.27860696517412936 0.9360374414976599 0.25 0.9781591263650546
8 0.43905472636815923 0.34477379095163807 0.43532338308457713 0.34789391575663026 0.43532338308457713 0.37597503900156004 0.44154228855721395 0.43369734789391573 0.43781094527363185 0.44305772230889234 0.44154228855721395 0.5054602184087363 0.43781094527363185 0.5195007800312013 0.43905472636815923 0.5631825273010921 0.4427860696517413 0.5647425897035881 0.4465174129353234 0.5553822152886115 0.4564676616915423 0.5522620904836193 0.4552238805970149 0.5382215288611545 0.4614427860696517 0.5288611544461779 0.47388059701492535 0.5335413416536662 0.4975124378109453 0.5273010920436817 0.5223880597014925 0.49765990639625585 0.5298507462686567 0.43837753510140404 0.5310945273631841 0.3619344773790952 0.5261194029850746 0.33853354134165364
8 0.35945273631840796 0.8486739469578783 0.3656716417910448 0.9188767550702028 0.35572139303482586 0.9360374414976599 0.36069651741293535 0.9765990639625585 0.3855721393034826 0.9937597503900156 0.43532338308457713 0.984399375975039 0.4228855721393035 0.9812792511700468 0.4216417910447761 0.9719188767550702 0.40671641791044777 0.9719188767550702 0.39676616915422885 0.9485179407176287 0.39800995024875624 0.9375975039001561 0.4116915422885572 0.9032761310452418 0.43159203980099503 0.8970358814352574 0.4527363184079602 0.8798751950078003 0.4527363184079602 0.8549141965678627 0.4639303482587065 0.859594383775351 0.4664179104477612 0.8408736349453978 0.48134328358208955 0.8159126365054602 0.49129353233830847 0.8096723868954758 0.5049751243781094 0.7769110764430577 0.5111940298507462 0.7753510140405616 0.4987562189054726 0.7441497659906396 0.5024875621890548 0.733229329173167 0.46766169154228854 0.7566302652106084 0.4527363184079602 0.7425897035881436
8 0.6492537313432836 0.8705148205928237 0.6616915422885572 0.8689547581903276 0.667910447761194 0.8861154446177847 0.667910447761194 0.8939157566302652 0.6604477611940298 0.8954758190327613 0.6604477611940298 0.9157566302652106 0.654228855721393 0.9157566302652106 0.6517412935323383 0.9344773790951638 0.6467661691542289 0.9391575663026521 0.6604477611940298 0.9703588143525741 0.6567164179104478 0.9750390015600624 0.6629353233830846 0.9937597503900156 0.6927860696517413 0.9937597503900156 0.6927860696517413 0.9859594383775351 0.7002487562189055 0.982839313572543 0.7176616915422885 0.9906396255850234 0.7611940298507462 0.9937597503900156 0.7960199004975125 0.9407176287051482 0.7922885572139303 0.9282371294851794 0.7842039800995025 0.9282371294851794 0.7761194029850746 0.9095163806552262 0.7823383084577115 0.9048361934477379 0.7823383084577115 0.8970358814352574 0.7027363184079602 0.8127925117004681 0.6853233830845771 0.8330733229329174 0.6766169154228856 0.8268330733229329 0.6753731343283582 0.8533541341653667 0.654228855721393 0.8549141965678627
8 0.6741293532338308 0.40717628705148207 0.677860696517413 0.42277691107644305 0.6766169154228856 0.45241809672386896 0.6728855721393034 0.45553822152886114 0.6803482587064676 0.4703588143525741 0.6741293532338308 0.49765990639625585 0.6791044776119403 0.49765990639625585 0.7164179104477612 0.46957878315132606 0.7151741293532339 0.46177847113884557 0.7189054726368159 0.46021840873634945 0.7114427860696517 0.45865834633385333 0.7002487562189055 0.44305772230889234 0.7101990049751243 0.42745709828393136 0.7201492537313433 0.42745709828393136 0.7276119402985075 0.40249609984399376 0.7400497512437811 0.39001560062402496 0.7450248756218906 0.37285491419656785 0.7400497512437811 0.36037441497659906 0.7437810945273632 0.33229329173166927 0.7512437810945274 0.33073322932917315 0.7487562189054726 0.3213728549141966 0.7587064676616916 0.30265210608424337 0.7574626865671642 0.28861154446177845 0.7649253731343284 0.2823712948517941 0.7699004975124378 0.26365054602184085 0.7711442786069652 0.21372854914196568 0.7922885572139303 0.17160686427457097 0.8171641791044776 0.17160686427457097 0.8519900497512438 0.1606864274570983 0.8718905472636815 0.1731669266770671 0.8917910447761194 0.1497659906396256 0.9079601990049752 0.1544461778471139 0.917910447761194 0.15132605304212168 0.9228855721393034 0.1419656786271451 0.931592039800995 0.1435257410296412 0.9427860696517413 0.12324492979719189 0.9390547263681592 0.1060842433697348 0.9490049751243781 0.10140405616224649 0.9490049751243781 0.0842433697347894 0.9564676616915423 0.0717628705148206 0.931592039800995 0.07332293291731669 0.9328358208955224 0.078003120124805 0.9129353233830846 0.0998439937597504 0.904228855721393 0.09516380655226209 0.9017412935323383 0.11388455538221529 0.8893034825870647 0.1310452418096724 0.8022388059701493 0.14508580343213728 0.7201492537313433 0.14664586583463338 0.7064676616915423 0.15756630265210608 0.7002487562189055 0.1809672386895476 0.695273631840796 0.1809672386895476 0.6915422885572139 0.1918876755070203 0.6890547263681592 0.23244929797191888 0.695273631840796 0.24960998439937598 0.6915422885572139 0.32761310452418096 0.6803482587064676 0.3416536661466459
8 0.18407960199004975 0.0748829953198128 0.1853233830845771 0.0842433697347894 0.19029850746268656 0.078003120124805 0.19527363184079602 0.08580343213728549 0.1927860696517413 0.09204368174726989 0.2064676616915423 0.11076443057722309 0.19900497512437812 0.12636505460218408 0.22388059701492538 0.1372854914196568 0.2922885572139303 0.22464898595943839 0.2972636815920398 0.24804992199687986 0.32338308457711445 0.23244929797191888 0.3345771144278607 0.24180967238689546 0.3482587064676617 0.22620904836193448 0.3756218905472637 0.23400936037441497 0.376865671641791 0.2121684867394696 0.38308457711442784 0.20748829953198128 0.38930348258706465 0.2121684867394696 0.4017412935323383 0.2059282371294852 0.42786069651741293 0.21060842433697347 0.43656716417910446 0.1794071762870515 0.4564676616915423 0.1856474258970359 0.4626865671641791 0.19500780031201248 0.4900497512437811 0.19500780031201248 0.4937810945273632 0.2059282371294852 0.5062189054726368 0.2059282371294852 0.5223880597014925 0.21684867394695787 0.5298507462686567 0.24024960998439937 0.5335820895522388 0.22464898595943839 0.5323383084577115 0.1684867394695788 0.5161691542288557 0.16536661466458658 0.5124378109452736 0.15288611544461778 0.5 0.1544461778471139 0.48134328358208955 0.13260530421216848 0.4689054726368159 0.09516380655226209 0.48383084577114427 0.0842433697347894 0.47139303482587064 0.0717628705148206 0.47761194029850745 0.06396255850234009 0.41044776119402987 0.062402496099843996 0.39427860696517414 0.0842433697347894 0.38681592039800994 0.07644305772230889 0.3805970149253731 0.0967238689547582 0.3681592039800995 0.09516380655226209 0.36691542288557216 0.0842433697347894 0.36069651741293535 0.0873634945397816 0.35199004975124376 0.078003120124805 0.35323383084577115 0.06396255850234009 0.27860696517412936 0.060842433697347896 0.2537313432835821 0.0717628705148206 0.24004975124378108 0.062402496099843996 0.22263681592039802 0.060842433697347896
8 0.0037313432835820895 0.5741029641185648 0.004975124378109453 0.6271450858034321 0.0236318407960199 0.6365054602184087 0.022388059701492536 0.656786271450858 0.007462686567164179 0.6614664586583463 0.0024875621890547263 0.6708268330733229 0 0.7004680187207488 0.009950248756218905 0.6926677067082684 0.018656716417910446 0.7098283931357254 0.024875621890547265 0.7098283931357254 0.041044776119402986 0.6895475819032761 0.055970149253731345 0.6973478939157566 0.05721393034825871 0.719188767550702 0.06343283582089553 0.7285491419656787 0.1044776119402985 0.7269890795631825 0.11069651741293532 0.7129485179407177 0.13557213930348258 0.6957878315132605 0.14676616915422885 0.7004680187207488 0.16417910447761194 0.6817472698907956 0.17537313432835822 0.6848673946957878 0.1890547263681592 0.7020280811232449 0.20771144278606965 0.6833073322932918 0.23134328358208955 0.6786271450858035 0.236318407960199 0.672386895475819 0.2574626865671642 0.6786271450858035 0.26243781094527363 0.6661466458658346 0.27611940298507465 0.6661466458658346 0.2860696517412935 0.6489859594383776 0.3009950248756219 0.6505460218408736 0.3034825870646766 0.62402496099844 0.30970149253731344 0.6115444617784711 0.3072139303482587 0.5865834633385335 0.291044776119403 0.5709828393135725 0.2997512437810945 0.53198127925117 0.2898009950248756 0.5085803432137286 0.27487562189054726 0.4914196567862715 0.25870646766169153 0.48985959438377535 0.2263681592039801 0.5070202808112324 0.21517412935323382 0.5039001560062403 0.19651741293532338 0.5117004680187207 0.1853233830845771 0.5210608424336973 0.10572139303482588 0.5382215288611545
8 0.8208955223880597 0.8549141965678627 0.8258706467661692 0.8658346333853354 0.8196517412935324 0.8892355694227769 0.8196517412935324 0.9485179407176287 0.8271144278606966 0.9937597503900156 0.8482587064676617 0.9765990639625585 0.8793532338308457 0.9906396255850234 0.8955223880597015 0.9797191887675507 0.9116915422885572 0.984399375975039 0.914179104477612 0.968798751950078 0.9216417910447762 0.9672386895475819 0.9241293532338308 0.9594383775351014 0.9465174129353234 0.9563182527301092 0.9502487562189055 0.9672386895475819 0.9614427860696517 0.9703588143525741 0.9689054726368159 0.9563182527301092 0.9813432835820896 0.953198127925117 0.9800995024875622 0.9485179407176287 0.9875621890547264 0.9422776911076443 0.9937810945273632 0.7925117004680188 0.9850746268656716 0.7862714508580343 0.9900497512437811 0.7722308892355694 0.9800995024875622 0.7675507020280812 0.9751243781094527 0.7394695787831513 0.986318407960199 0.6630265210608425 0.986318407960199 0.625585023400936 0.9912935323383084 0.6193447737909517 0.9912935323383084 0.6115444617784711 0.9838308457711443 0.6068642745709828 0.9912935323383084 0.5772230889235569 0.9850746268656716 0.5413416536661466 0.9950248756218906 0.4789391575663027 0.986318407960199 0.46801872074882994 0.9875621890547264 0.45553822152886114 0.9813432835820896 0.45865834633385333 0.9713930348258707 0.44929797191887677 0.9713930348258707 0.43525741029641185 0.9763681592039801 0.4290171606864275 0.9738805970149254 0.40873634945397813 0.9776119402985075 0.40717628705148207 0.9701492537313433 0.39001560062402496 0.9763681592039801 0.38065522620904835 0.9763681592039801 0.36505460218408736 0.9664179104477612 0.35257410296411856 0.9601990049751243 0.3291731669266771 0.9477611940298507 0.3291731669266771 0.9390547263681592 0.3213728549141966 0.931592039800995 0.3291731669266771 0.9291044776119403 0.358814352574103 0.917910447761194 0.37285491419656785 0.9303482587064676 0.39469578783151327 0.931592039800995 0.4118564742589704 0.9166666666666666 0.41341653666146644 0.9067164179104478 0.43681747269890797 0.8967661691542289 0.44461778471138846 0.9092039800995025 0.45553822152886114 0.9092039800995025 0.46957878315132606 0.900497512437811 0.48829953198127923 0.8967661691542289 0.48673946957878317 0.8955223880597015 0.5023400936037441 0.8868159203980099 0.5101404056162246 0.8917910447761194 0.516380655226209 0.8905472636815921 0.53198127925117 0.8756218905472637 0.5382215288611545 0.8731343283582089 0.5460218408736349 0.8619402985074627 0.6006240249609984 0.8681592039800995 0.6053042121684867 0.8681592039800995 0.6146645865834633 0.8606965174129353 0.6224648985959438 0.8681592039800995 0.6349453978159126 0.8681592039800995 0.6583463338533542 0.8482587064676617 0.6614664586583463 0.8271144278606966 0.7566302652106084 0.8345771144278606 0.7769110764430577 0.8345771144278606 0.8081123244929798 0.8233830845771144 0.8408736349453978 0.8258706467661692 0.8502340093603744